camera_matrix:
- - 593.8599096596236
  - 0.0
  - -10.445785285275399
- - 0.0
  - 516.7553398069889
  - 311.58516900815323
- - 0.0
  - 0.0
  - 1.0
dist_coeff:
- - -0.06243810017298461
  - -0.035918715922290005
  - 0.03254926485168093
  - -0.09750145719172314
  - 0.01674351284890503
